

Please enter the lowest student number in your group: 


Units for the values: V, mA, kOhm, mS and uF


Values:  R1 = 1.01072152255 
R2 = 2.0468229318 
R3 = 3.05917032304 
R4 = 4.1965026363 
R5 = 3.07879619547 
R6 = 2.08425994597 
R7 = 1.01419841564 
Vs = 5.03865114929 
C = 1.01596988715 
Kb = 7.14516521228 
Kd = 8.13498446601 



