#Variable declaration

R1 = 1.01072152255*1000; 
R2 = 2.0468229318*1000; 
R3 = 3.05917032304*1000; 
R4 = 4.1965026363*1000;
R5 = 3.07879619547*1000;
R6 = 2.08425994597*1000;
R7 = 1.01419841564*1000;

Va = 5.03865114929;
Id = 1.01596988715/1000;
Kb = 7.14516521228/1000;
Kc = 8.13498446601*1000;

#Matrix construction

l1 = [R1+R3+R4,R3,R4]
l2 = [Kb*R3,Kb*R3-1,0]
#l2 = [R3,R2+R3+R5-(1/Kb),0]
l3 = [R4,0,R4+R6+R7-Kc]

A = [l1;l2;l3]
b = [Va;0;0]

#Computing linear sistem

Is = A\b

